cam0:
  T_cam_imu:
  - [0.6160656243953907, -0.787689847730825, 0.002801824425073207, -0.04436658954984811]
  - [-0.0022082262374541473, -0.00528404773294866, -0.9999836011537598, 0.15190291872562858]
  - [0.7876917355001278, 0.6160493345677337, -0.004994717554669514, -0.08600827045027142]
  - [0.0, 0.0, 0.0, 1.0]
  cam_overlaps: []
  camera_model: pinhole
  distortion_coeffs: [0.009152445185112056, 0.0005041240997693242, 0.0010006756102934802,
    -0.011508903439889487]
  distortion_model: radtan
  intrinsics: [452.6416564260509, 452.213126942455, 488.0941449700269, 711.1994059219377]
  resolution: [970, 1380]
  rostopic: /ladybug/camera3/rectified/cropped/image_mono
  timeshift_cam_imu: 0.015457694296863337
