cam0:
  T_cam_imu:
  - [-0.5576585981842597, -0.8300635039882343, 0.0033863280911005655, 0.025830279078732234]
  - [-0.00569200229935829, -0.0002554974400752058, -0.9999837677836985, 0.14543357400380597]
  - [0.8300508954160521, -0.5576688211365526, -0.004582243029042379, -0.09803831920725457]
  - [0.0, 0.0, 0.0, 1.0]
  cam_overlaps: []
  camera_model: pinhole
  distortion_coeffs: [0.002171665342519156, 0.005702611250953197, 0.0004528481361054936,
    -0.007315616560140325]
  distortion_model: radtan
  intrinsics: [446.98213557239376, 446.67341614787443, 458.8195730864283, 639.0750099397338]
  resolution: [970, 1380]
  rostopic: /ladybug/camera4/rectified/cropped/image_mono
  timeshift_cam_imu: 0.003065329066252799
