cam0:
  cam_overlaps: []
  camera_model: pinhole
  distortion_coeffs: [0.00741644309167813, -0.000736317925216615, -0.00117360607983067,
    -0.008182439752563797]
  distortion_model: radtan
  intrinsics: [446.39182316143587, 446.4184881365415, 1036.9037362678116, 1216.781658523173]
  resolution: [2048, 2464]
  rostopic: /ladybug/camera4/rectified/image_mono
