cam0:
  cam_overlaps: []
  camera_model: pinhole
  distortion_coeffs: [0.009152445185112056, 0.0005041240997693242, 0.0010006756102934802,
    -0.011508903439889487]
  distortion_model: radtan
  intrinsics: [452.6416564260509, 452.213126942455, 488.0941449700269, 711.1994059219377]
  resolution: [970, 1380]
  rostopic: /ladybug/camera3/rectified/cropped/image_mono
