cam0:
  cam_overlaps: []
  camera_model: pinhole
  distortion_coeffs: [0.004711711773219181, -0.0016299028663130113, 0.0005871039643913955,
    -0.006681532919035268]
  distortion_model: radtan
  intrinsics: [221.2303902787701, 220.9105721092334, 230.0114477017589, 318.9431975569607]
  resolution: [485, 690]
  rostopic: /ladybug/camera4/rectified/cropped/image_mono
